PFE
+----+----+----+----+----+----+----+----+
| #  | x0 | x1 | x2 | x3 | x4 | x5 | x6 |
+----+----+----+----+----+----+----+----+
| 1  | 1  | 1  | 1  | 1  | 1  | 1  | 1  |
| 2  | 1  | 1  | 1  | 1  | 1  | 1  | -1 |
| 3  | 1  | 1  | 1  | 1  | 1  | -1 | 1  |
| 4  | 1  | 1  | 1  | 1  | 1  | -1 | -1 |
| 5  | 1  | 1  | 1  | 1  | -1 | 1  | 1  |
| 6  | 1  | 1  | 1  | 1  | -1 | 1  | -1 |
| 7  | 1  | 1  | 1  | 1  | -1 | -1 | 1  |
| 8  | 1  | 1  | 1  | 1  | -1 | -1 | -1 |
| 9  | 1  | 1  | 1  | -1 | 1  | 1  | 1  |
| 10 | 1  | 1  | 1  | -1 | 1  | 1  | -1 |
| 11 | 1  | 1  | 1  | -1 | 1  | -1 | 1  |
| 12 | 1  | 1  | 1  | -1 | 1  | -1 | -1 |
| 13 | 1  | 1  | 1  | -1 | -1 | 1  | 1  |
| 14 | 1  | 1  | 1  | -1 | -1 | 1  | -1 |
| 15 | 1  | 1  | 1  | -1 | -1 | -1 | 1  |
| 16 | 1  | 1  | 1  | -1 | -1 | -1 | -1 |
| 17 | 1  | 1  | -1 | 1  | 1  | 1  | 1  |
| 18 | 1  | 1  | -1 | 1  | 1  | 1  | -1 |
| 19 | 1  | 1  | -1 | 1  | 1  | -1 | 1  |
| 20 | 1  | 1  | -1 | 1  | 1  | -1 | -1 |
| 21 | 1  | 1  | -1 | 1  | -1 | 1  | 1  |
| 22 | 1  | 1  | -1 | 1  | -1 | 1  | -1 |
| 23 | 1  | 1  | -1 | 1  | -1 | -1 | 1  |
| 24 | 1  | 1  | -1 | 1  | -1 | -1 | -1 |
| 25 | 1  | 1  | -1 | -1 | 1  | 1  | 1  |
| 26 | 1  | 1  | -1 | -1 | 1  | 1  | -1 |
| 27 | 1  | 1  | -1 | -1 | 1  | -1 | 1  |
| 28 | 1  | 1  | -1 | -1 | 1  | -1 | -1 |
| 29 | 1  | 1  | -1 | -1 | -1 | 1  | 1  |
| 30 | 1  | 1  | -1 | -1 | -1 | 1  | -1 |
| 31 | 1  | 1  | -1 | -1 | -1 | -1 | 1  |
| 32 | 1  | 1  | -1 | -1 | -1 | -1 | -1 |
| 33 | 1  | -1 | 1  | 1  | 1  | 1  | 1  |
| 34 | 1  | -1 | 1  | 1  | 1  | 1  | -1 |
| 35 | 1  | -1 | 1  | 1  | 1  | -1 | 1  |
| 36 | 1  | -1 | 1  | 1  | 1  | -1 | -1 |
| 37 | 1  | -1 | 1  | 1  | -1 | 1  | 1  |
| 38 | 1  | -1 | 1  | 1  | -1 | 1  | -1 |
| 39 | 1  | -1 | 1  | 1  | -1 | -1 | 1  |
| 40 | 1  | -1 | 1  | 1  | -1 | -1 | -1 |
| 41 | 1  | -1 | 1  | -1 | 1  | 1  | 1  |
| 42 | 1  | -1 | 1  | -1 | 1  | 1  | -1 |
| 43 | 1  | -1 | 1  | -1 | 1  | -1 | 1  |
| 44 | 1  | -1 | 1  | -1 | 1  | -1 | -1 |
| 45 | 1  | -1 | 1  | -1 | -1 | 1  | 1  |
| 46 | 1  | -1 | 1  | -1 | -1 | 1  | -1 |
| 47 | 1  | -1 | 1  | -1 | -1 | -1 | 1  |
| 48 | 1  | -1 | 1  | -1 | -1 | -1 | -1 |
| 49 | 1  | -1 | -1 | 1  | 1  | 1  | 1  |
| 50 | 1  | -1 | -1 | 1  | 1  | 1  | -1 |
| 51 | 1  | -1 | -1 | 1  | 1  | -1 | 1  |
| 52 | 1  | -1 | -1 | 1  | 1  | -1 | -1 |
| 53 | 1  | -1 | -1 | 1  | -1 | 1  | 1  |
| 54 | 1  | -1 | -1 | 1  | -1 | 1  | -1 |
| 55 | 1  | -1 | -1 | 1  | -1 | -1 | 1  |
| 56 | 1  | -1 | -1 | 1  | -1 | -1 | -1 |
| 57 | 1  | -1 | -1 | -1 | 1  | 1  | 1  |
| 58 | 1  | -1 | -1 | -1 | 1  | 1  | -1 |
| 59 | 1  | -1 | -1 | -1 | 1  | -1 | 1  |
| 60 | 1  | -1 | -1 | -1 | 1  | -1 | -1 |
| 61 | 1  | -1 | -1 | -1 | -1 | 1  | 1  |
| 62 | 1  | -1 | -1 | -1 | -1 | 1  | -1 |
| 63 | 1  | -1 | -1 | -1 | -1 | -1 | 1  |
| 64 | 1  | -1 | -1 | -1 | -1 | -1 | -1 |
+----+----+----+----+----+----+----+----+
Критерий Кохрена:  0.31044035476904275
дисперсии воспроизводимости  0.034277060732526385
среднее квадратическое отклонение коэффициента 0.010349677037914997
+----+-----+-----+------+-------+-----+------+-----------------------+------------------------+
| #  |  x1 |  x2 |  x3  |   x4  |  x5 |  x6  | y среднее из 5 опытов |      дисперсия y       |
+----+-----+-----+------+-------+-----+------+-----------------------+------------------------+
| 1  | 0.2 | 0.8 | 0.1  |  0.4  | 1.1 | 0.15 |  0.28606877243529827  |  0.01924211961140846   |
| 2  | 0.2 | 0.8 | 0.1  |  0.4  | 1.1 | 0.05 |   0.3467009801210733  |  0.00696263239403667   |
| 3  | 0.2 | 0.8 | 0.1  |  0.4  | 0.9 | 0.15 |   0.5457411165723923  |  0.03205157409930701   |
| 4  | 0.2 | 0.8 | 0.1  |  0.4  | 0.9 | 0.05 |  0.36013131984276414  |  0.015312011827391165  |
| 5  | 0.2 | 0.8 | 0.1  | 0.125 | 1.1 | 0.15 |  0.07877360916430971  | 0.0003574267841686925  |
| 6  | 0.2 | 0.8 | 0.1  | 0.125 | 1.1 | 0.05 |  0.11050596999192126  | 0.0033750326662397895  |
| 7  | 0.2 | 0.8 | 0.1  | 0.125 | 0.9 | 0.15 |  0.13940217147171582  | 0.0021382208193389397  |
| 8  | 0.2 | 0.8 | 0.1  | 0.125 | 0.9 | 0.05 |  0.13641216207277235  | 0.0027173827937950652  |
| 9  | 0.2 | 0.8 | 0.03 |  0.4  | 1.1 | 0.15 |  0.31925832980540775  |  0.006398661966238706  |
| 10 | 0.2 | 0.8 | 0.03 |  0.4  | 1.1 | 0.05 |   0.2705844386728259  |  0.006577123970304711  |
| 11 | 0.2 | 0.8 | 0.03 |  0.4  | 0.9 | 0.15 |   0.3971182954235463  |  0.008645239444284487  |
| 12 | 0.2 | 0.8 | 0.03 |  0.4  | 0.9 | 0.05 |   0.5093790869366003  |  0.012558475182840435  |
| 13 | 0.2 | 0.8 | 0.03 | 0.125 | 1.1 | 0.15 |  0.11268887444027331  | 0.0008626065607278857  |
| 14 | 0.2 | 0.8 | 0.03 | 0.125 | 1.1 | 0.05 |  0.14661981467457058  | 0.0028547514330952567  |
| 15 | 0.2 | 0.8 | 0.03 | 0.125 | 0.9 | 0.15 |   0.1150114477020143  | 0.0014231869523801486  |
| 16 | 0.2 | 0.8 | 0.03 | 0.125 | 0.9 | 0.05 |  0.13789449561367512  | 0.0015762532972065809  |
| 17 | 0.2 | 0.6 | 0.1  |  0.4  | 1.1 | 0.15 |   0.7087563350099889  |  0.08548343382492947   |
| 18 | 0.2 | 0.6 | 0.1  |  0.4  | 1.1 | 0.05 |   0.5935457842127978  |  0.028117935989048534  |
| 19 | 0.2 | 0.6 | 0.1  |  0.4  | 0.9 | 0.15 |   0.3275409647722398  |   0.4522592062001365   |
| 20 | 0.2 | 0.6 | 0.1  |  0.4  | 0.9 | 0.05 |  0.25048280423987973  |  0.41322241935405873   |
| 21 | 0.2 | 0.6 | 0.1  | 0.125 | 1.1 | 0.15 |  0.14940272532074167  |  0.004324362369112843  |
| 22 | 0.2 | 0.6 | 0.1  | 0.125 | 1.1 | 0.05 |  0.24125440531865133  |  0.007737502399196381  |
| 23 | 0.2 | 0.6 | 0.1  | 0.125 | 0.9 | 0.15 |   0.2662573747482914  |  0.018214407730537053  |
| 24 | 0.2 | 0.6 | 0.1  | 0.125 | 0.9 | 0.05 |  0.19919203866478438  |  0.011298497670567655  |
| 25 | 0.2 | 0.6 | 0.03 |  0.4  | 1.1 | 0.15 |   0.4760652671877669  |  0.03949366006521654   |
| 26 | 0.2 | 0.6 | 0.03 |  0.4  | 1.1 | 0.05 |   0.5902213665032303  |  0.07084555811173009   |
| 27 | 0.2 | 0.6 | 0.03 |  0.4  | 0.9 | 0.15 |  0.001812218030813939 |   0.6810229052317129   |
| 28 | 0.2 | 0.6 | 0.03 |  0.4  | 0.9 | 0.05 |   0.8443378942235787  |  0.08887865514260317   |
| 29 | 0.2 | 0.6 | 0.03 | 0.125 | 1.1 | 0.15 |  0.20986699238761936  |  0.014092235149316266  |
| 30 | 0.2 | 0.6 | 0.03 | 0.125 | 1.1 | 0.05 |  0.19136756255242088  |  0.00405818106102332   |
| 31 | 0.2 | 0.6 | 0.03 | 0.125 | 0.9 | 0.15 |  0.21812828809222728  | 0.0017152631490120105  |
| 32 | 0.2 | 0.6 | 0.03 | 0.125 | 0.9 | 0.05 |  0.20646304239756103  |  0.012616564576818324  |
| 33 | 0.1 | 0.8 | 0.1  |  0.4  | 1.1 | 0.15 |  0.14226341982488183  |  0.005415877243348551  |
| 34 | 0.1 | 0.8 | 0.1  |  0.4  | 1.1 | 0.05 |   0.1616603280167202  | 0.0060197340009121355  |
| 35 | 0.1 | 0.8 | 0.1  |  0.4  | 0.9 | 0.15 |  0.20009527013761375  |  0.005409271238899304  |
| 36 | 0.1 | 0.8 | 0.1  |  0.4  | 0.9 | 0.05 |  0.20425804075589812  | 0.0013579304780051602  |
| 37 | 0.1 | 0.8 | 0.1  | 0.125 | 1.1 | 0.15 |  0.05254444038345111  | 0.0007431666033152512  |
| 38 | 0.1 | 0.8 | 0.1  | 0.125 | 1.1 | 0.05 |  0.09091990881167268  |  0.001787728621749598  |
| 39 | 0.1 | 0.8 | 0.1  | 0.125 | 0.9 | 0.15 |  0.059189008264244204 | 0.0014063483353006663  |
| 40 | 0.1 | 0.8 | 0.1  | 0.125 | 0.9 | 0.05 |   0.1045994174225883  | 0.00026677613938494546 |
| 41 | 0.1 | 0.8 | 0.03 |  0.4  | 1.1 | 0.15 |  0.16195232636191367  |   0.0034445498519566   |
| 42 | 0.1 | 0.8 | 0.03 |  0.4  | 1.1 | 0.05 |  0.13466326017340086  | 0.0020779220739082127  |
| 43 | 0.1 | 0.8 | 0.03 |  0.4  | 0.9 | 0.15 |  0.20137763741111966  | 0.0035545555517818702  |
| 44 | 0.1 | 0.8 | 0.03 |  0.4  | 0.9 | 0.05 |  0.21727113062371234  |  0.004992342284896458  |
| 45 | 0.1 | 0.8 | 0.03 | 0.125 | 1.1 | 0.15 |  0.07875390523478551  |  0.001941986350982611  |
| 46 | 0.1 | 0.8 | 0.03 | 0.125 | 1.1 | 0.05 |  0.061269313813427664 | 0.0010277188620644408  |
| 47 | 0.1 | 0.8 | 0.03 | 0.125 | 0.9 | 0.15 |  0.07331940789086336  |  0.003021979406841103  |
| 48 | 0.1 | 0.8 | 0.03 | 0.125 | 0.9 | 0.05 |  0.06510076928693986  | 0.0031189917017724095  |
| 49 | 0.1 | 0.6 | 0.1  |  0.4  | 1.1 | 0.15 |  0.22791427413426582  |  0.006475824128551026  |
| 50 | 0.1 | 0.6 | 0.1  |  0.4  | 1.1 | 0.05 |  0.20619067266397922  |  0.012363366286573424  |
| 51 | 0.1 | 0.6 | 0.1  |  0.4  | 0.9 | 0.15 |  0.28103848676862103  |  0.00809107836362153   |
| 52 | 0.1 | 0.6 | 0.1  |  0.4  | 0.9 | 0.05 |   0.3119662286057704  |  0.009554141232200303  |
| 53 | 0.1 | 0.6 | 0.1  | 0.125 | 1.1 | 0.15 |  0.04879942511809835  | 0.0008323980877274381  |
| 54 | 0.1 | 0.6 | 0.1  | 0.125 | 1.1 | 0.05 |  0.10331832595762466  | 0.0013777896702702446  |
| 55 | 0.1 | 0.6 | 0.1  | 0.125 | 0.9 | 0.15 |  0.10555871905212874  | 0.0020286148876199187  |
| 56 | 0.1 | 0.6 | 0.1  | 0.125 | 0.9 | 0.05 |  0.10430327224772848  | 0.0026926915844819777  |
| 57 | 0.1 | 0.6 | 0.03 |  0.4  | 1.1 | 0.15 |   0.2982810841568122  |  0.003597126800640452  |
| 58 | 0.1 | 0.6 | 0.03 |  0.4  | 1.1 | 0.05 |   0.2629192055087125  | 0.0018096863259478232  |
| 59 | 0.1 | 0.6 | 0.03 |  0.4  | 0.9 | 0.15 |  0.32164948114989694  |  0.009058930898299384  |
| 60 | 0.1 | 0.6 | 0.03 |  0.4  | 0.9 | 0.05 |   0.2592765377597784  |  0.008986993482092405  |
| 61 | 0.1 | 0.6 | 0.03 | 0.125 | 1.1 | 0.15 |  0.18365129394168891  | 0.0026614241417502417  |
| 62 | 0.1 | 0.6 | 0.03 | 0.125 | 1.1 | 0.05 |  0.13594557228083276  |  0.004507762280279444  |
| 63 | 0.1 | 0.6 | 0.03 | 0.125 | 0.9 | 0.15 |  0.11037535786938653  | 0.0058421685836186205  |
| 64 | 0.1 | 0.6 | 0.03 | 0.125 | 0.9 | 0.05 |   0.2040757934586388  |  0.011831523555111354  |
+----+-----+-----+------+-------+-----+------+-----------------------+------------------------+
Критерий Стьюдента:  1.6508275794543958
a 0	 0.2290857 	 22.1345785	✓
a 1 	 0.0673826 	 6.5105966	✓
a 2 	 -0.040913 	 3.9530677	✓
a 3 	 -0.0058111 	 0.5614784
a 4 	 0.0965556 	 9.3293332	✓
a 5 	 -0.0046255 	 0.4469211
a 6 	 -0.0135027 	 1.3046522
a 12 	 -0.0047872 	 0.4625417
a 13 	 0.0056033 	 0.5414027
a 14 	 0.0337102 	 3.2571224	✓
a 15 	 0.0101373 	 0.9794755
a 16 	 -0.0109723 	 1.0601571
a 23 	 0.0063425 	 0.6128188
a 24 	 -0.0060706 	 0.5865512
a 25 	 -0.0238455 	 2.3039893	✓
a 26 	 0.0105523 	 1.0195817
a 34 	 0.002317 	 0.223869
a 35 	 0.0031396 	 0.3033507
a 36 	 0.0164372 	 1.5881889
a 45 	 0.0031745 	 0.3067275
a 46 	 -0.0060803 	 0.5874836
a 56 	 0.0099825 	 0.9645273
a 123 	 -0.0064359 	 0.6218423
a 124 	 0.0044095 	 0.4260498
a 125 	 -0.0235343 	 2.2739166	✓
a 126 	 0.0124123 	 1.1992952
a 134 	 -0.0014722 	 0.1422504
a 135 	 0.0094642 	 0.9144432
a 136 	 0.0245201 	 2.3691676	✓
a 145 	 0.0134798 	 1.302437
a 146 	 -0.0133836 	 1.2931439
a 156 	 0.0051225 	 0.4949432
a 234 	 -0.0006412 	 0.0619494
a 235 	 -0.004693 	 0.4534432
a 236 	 -0.0141812 	 1.3702118
a 245 	 -0.0254672 	 2.4606806	✓
a 246 	 0.0121073 	 1.1698253
a 256 	 -0.0126959 	 1.2266981
a 345 	 0.0103018 	 0.9953714
a 346 	 0.0209259 	 2.0218898	✓
a 356 	 -0.0228904 	 2.2117015	✓
a 456 	 0.0129801 	 1.2541511
a 1234 	 0.0053854 	 0.5203402
a 1235 	 -0.0109974 	 1.062582
a 1236 	 -0.0132364 	 1.2789147
a 1245 	 -0.0230387 	 2.2260273	✓
a 1246 	 0.0165408 	 1.5981911
a 1256 	 -0.0106015 	 1.0243284
a 1345 	 0.0113253 	 1.0942674
a 1346 	 0.0217114 	 2.097787	✓
a 1356 	 -0.0173227 	 1.6737445	✓
a 1456 	 0.0144908 	 1.4001218
a 2345 	 -0.0046761 	 0.4518153
a 2346 	 -0.0135813 	 1.3122459
a 2356 	 0.0075311 	 0.727661
a 2456 	 -0.0138516 	 1.3383612
a 3456 	 -0.0107392 	 1.0376395
a 12345 	 -0.0084204 	 0.8135863
a 12346 	 -0.0190252 	 1.8382408	✓
a 12356 	 0.0057539 	 0.5559455
a 12456 	 -0.0160903 	 1.5546695
a 13456 	 -0.0176348 	 1.7038959	✓
a 23456 	 -0.003001 	 0.289962
a 123456 	 0.0074061 	 0.7155905
+----+-----+-----+------+-------+-----+------+-----------------------+------------------------+----------------------+-----------------------+------------------------+-------------------------------+
| #  |  x1 |  x2 |  x3  |   x4  |  x5 |  x6  | y среднее из 5 опытов |      дисперсия y       |       линейное       |  частично нелинейное  |   разница (линейное)   | разница (частично нелинейное) |
+----+-----+-----+------+-------+-----+------+-----------------------+------------------------+----------------------+-----------------------+------------------------+-------------------------------+
| 1  | 0.2 | 0.8 | 0.1  |  0.4  | 1.1 | 0.15 |  0.28606877243529827  |  0.01924211961140846   | 0.35211092225970303  |   0.2802196876241885  |  -0.06604214982440476  |      0.005849084811109795     |
| 2  | 0.2 | 0.8 | 0.1  |  0.4  | 1.1 | 0.05 |   0.3467009801210733  |  0.00696263239403667   | 0.35211092225970303  |  0.29965096529539803  |  -0.00540994213862972  |      0.04705001482567528      |
| 3  | 0.2 | 0.8 | 0.1  |  0.4  | 0.9 | 0.15 |   0.5457411165723923  |  0.03205157409930701   | 0.35211092225970303  |   0.5876869752727639  |   0.1936301943126893   |      -0.0419458587003716      |
| 4  | 0.2 | 0.8 | 0.1  |  0.4  | 0.9 | 0.05 |  0.36013131984276414  |  0.015312011827391165  | 0.35211092225970303  |  0.37572671999381524  |  0.008020397583061112  |     -0.015595400151051098     |
| 5  | 0.2 | 0.8 | 0.1  | 0.125 | 1.1 | 0.15 |  0.07877360916430971  | 0.0003574267841686925  |  0.1589997518723389  |  0.10474530877469074  |  -0.08022614270802918  |     -0.025971699610381024     |
| 6  | 0.2 | 0.8 | 0.1  | 0.125 | 1.1 | 0.05 |  0.11050596999192126  | 0.0033750326662397895  |  0.1589997518723389  |  0.14808599661310134  |  -0.04849378188041763  |      -0.03758002662118008     |
| 7  | 0.2 | 0.8 | 0.1  | 0.125 | 0.9 | 0.15 |  0.13940217147171582  | 0.0021382208193389397  |  0.1589997518723389  |  0.14764985505774247  | -0.019597580400623066  |      -0.00824768358602665     |
| 8  | 0.2 | 0.8 | 0.1  | 0.125 | 0.9 | 0.05 |  0.13641216207277235  | 0.0027173827937950652  |  0.1589997518723389  |  0.10067718789646743  | -0.022587589799566543  |      0.03573497417630492      |
| 9  | 0.2 | 0.8 | 0.03 |  0.4  | 1.1 | 0.15 |  0.31925832980540775  |  0.006398661966238706  | 0.35211092225970303  |  0.29965096529539803  |  -0.03285259245429528  |      0.019607364510009717     |
| 10 | 0.2 | 0.8 | 0.03 |  0.4  | 1.1 | 0.05 |   0.2705844386728259  |  0.006577123970304711  | 0.35211092225970303  |   0.2802196876241885  |  -0.08152648358687714  |     -0.009635248951362585     |
| 11 | 0.2 | 0.8 | 0.03 |  0.4  | 0.9 | 0.15 |   0.3971182954235463  |  0.008645239444284487  | 0.35211092225970303  |  0.37572671999381524  |  0.04500737316384329   |      0.02139157542973108      |
| 12 | 0.2 | 0.8 | 0.03 |  0.4  | 0.9 | 0.05 |   0.5093790869366003  |  0.012558475182840435  | 0.35211092225970303  |   0.5876869752727639  |  0.15726816467689725   |      -0.07830788833616364     |
| 13 | 0.2 | 0.8 | 0.03 | 0.125 | 1.1 | 0.15 |  0.11268887444027331  | 0.0008626065607278857  |  0.1589997518723389  |  0.14808599661310134  |  -0.04631087743206558  |      -0.03539712217282803     |
| 14 | 0.2 | 0.8 | 0.03 | 0.125 | 1.1 | 0.05 |  0.14661981467457058  | 0.0028547514330952567  |  0.1589997518723389  |  0.10474530877469074  |  -0.01237993719776831  |      0.041874505899879844     |
| 15 | 0.2 | 0.8 | 0.03 | 0.125 | 0.9 | 0.15 |   0.1150114477020143  | 0.0014231869523801486  |  0.1589997518723389  |  0.10067718789646743  | -0.043988304170324594  |      0.014334259805546867     |
| 16 | 0.2 | 0.8 | 0.03 | 0.125 | 0.9 | 0.05 |  0.13789449561367512  | 0.0015762532972065809  |  0.1589997518723389  |  0.14764985505774247  | -0.021105256258663774  |     -0.009755359444067357     |
| 17 | 0.2 | 0.6 | 0.1  |  0.4  | 1.1 | 0.15 |   0.7087563350099889  |  0.08548343382492947   | 0.43393686991539565  |   0.5918675543189762  |  0.27481946509459326   |      0.11688878069101272      |
| 18 | 0.2 | 0.6 | 0.1  |  0.4  | 1.1 | 0.05 |   0.5935457842127978  |  0.028117935989048534  | 0.43393686991539565  |   0.535198036258988   |  0.15960891429740215   |      0.058347747953809814     |
| 19 | 0.2 | 0.6 | 0.1  |  0.4  | 0.9 | 0.15 |   0.3275409647722398  |   0.4522592062001365   | 0.43393686991539565  |   0.5157917996205592  |  -0.10639590514315583  |      -0.1882508348483194      |
| 20 | 0.2 | 0.6 | 0.1  |  0.4  | 0.9 | 0.05 |  0.25048280423987973  |  0.41322241935405873   | 0.43393686991539565  |   0.2277307486104125  |  -0.18345406567551592  |      0.02275205562946722      |
| 21 | 0.2 | 0.6 | 0.1  | 0.125 | 1.1 | 0.15 |  0.14940272532074167  |  0.004324362369112843  |  0.2408256995280315  |  0.14626872734799334  |  -0.09142297420728984  |      0.003133997972748326     |
| 22 | 0.2 | 0.6 | 0.1  | 0.125 | 1.1 | 0.05 |  0.24125440531865133  |  0.007737502399196381  |  0.2408256995280315  |  0.26571021091760194  | 0.00042870579061982106 |      -0.02445580559895061     |
| 23 | 0.2 | 0.6 | 0.1  | 0.125 | 0.9 | 0.15 |   0.2662573747482914  |  0.018214407730537053  |  0.2408256995280315  |  0.19367753606462723  |  0.02543167522025991   |      0.07257983868366419      |
| 24 | 0.2 | 0.6 | 0.1  | 0.125 | 0.9 | 0.05 |  0.19919203866478438  |  0.011298497670567655  |  0.2408256995280315  |   0.2228056646345501  |  -0.04163366086324713  |      -0.02361362596976571     |
| 25 | 0.2 | 0.6 | 0.03 |  0.4  | 1.1 | 0.15 |   0.4760652671877669  |  0.03949366006521654   | 0.43393686991539565  |   0.535198036258988   |  0.042128397272371276  |      -0.05913276907122106     |
| 26 | 0.2 | 0.6 | 0.03 |  0.4  | 1.1 | 0.05 |   0.5902213665032303  |  0.07084555811173009   | 0.43393686991539565  |   0.5918675543189762  |  0.15628449658783466   |     -0.001646187815745881     |
| 27 | 0.2 | 0.6 | 0.03 |  0.4  | 0.9 | 0.15 |  0.001812218030813939 |   0.6810229052317129   | 0.43393686991539565  |   0.2277307486104125  |  -0.4321246518845817   |      -0.22591853057959857     |
| 28 | 0.2 | 0.6 | 0.03 |  0.4  | 0.9 | 0.05 |   0.8443378942235787  |  0.08887865514260317   | 0.43393686991539565  |   0.5157917996205592  |   0.4104010243081831   |      0.32854609460301953      |
| 29 | 0.2 | 0.6 | 0.03 | 0.125 | 1.1 | 0.15 |  0.20986699238761936  |  0.014092235149316266  |  0.2408256995280315  |  0.26571021091760194  | -0.030958707140412156  |     -0.055843218529982586     |
| 30 | 0.2 | 0.6 | 0.03 | 0.125 | 1.1 | 0.05 |  0.19136756255242088  |  0.00405818106102332   |  0.2408256995280315  |  0.14626872734799334  | -0.049458136975610634  |      0.045098835204427534     |
| 31 | 0.2 | 0.6 | 0.03 | 0.125 | 0.9 | 0.15 |  0.21812828809222728  | 0.0017152631490120105  |  0.2408256995280315  |   0.2228056646345501  | -0.022697411435804227  |     -0.004677376542322809     |
| 32 | 0.2 | 0.6 | 0.03 | 0.125 | 0.9 | 0.05 |  0.20646304239756103  |  0.012616564576818324  |  0.2408256995280315  |  0.19367753606462723  | -0.034362657130470486  |      0.012785506332933794     |
| 33 | 0.1 | 0.8 | 0.1  |  0.4  | 1.1 | 0.15 |  0.14226341982488183  |  0.005415877243348551  | 0.21734577746231065  |  0.18668244342821294  |  -0.07508235763742882  |      -0.04441902360333111     |
| 34 | 0.1 | 0.8 | 0.1  |  0.4  | 1.1 | 0.05 |   0.1616603280167202  | 0.0060197340009121355  | 0.21734577746231065  |  0.17510912608134033  |  -0.05568544944559045  |     -0.013448798064620127     |
| 35 | 0.1 | 0.8 | 0.1  |  0.4  | 0.9 | 0.15 |  0.20009527013761375  |  0.005409271238899304  | 0.21734577746231065  |  0.16802791765114544  | -0.017250507324696907  |      0.032067352486468303     |
| 36 | 0.1 | 0.8 | 0.1  |  0.4  | 0.9 | 0.05 |  0.20425804075589812  | 0.0013579304780051602  | 0.21734577746231065  |  0.20472296354119035  | -0.013087736706412528  |    -0.00046492278529222664    |
| 37 | 0.1 | 0.8 | 0.1  | 0.125 | 1.1 | 0.15 |  0.05254444038345111  | 0.0007431666033152512  | 0.024234607074946526 | -0.005900145744190597 |  0.028309833308504583  |      0.05844458612764171      |
| 38 | 0.1 | 0.8 | 0.1  | 0.125 | 1.1 | 0.05 |  0.09091990881167268  |  0.001787728621749598  | 0.024234607074946526 |  0.12602437580630282  |  0.06668530173672615   |      -0.03510446699463014     |
| 39 | 0.1 | 0.8 | 0.1  | 0.125 | 0.9 | 0.15 |  0.059189008264244204 | 0.0014063483353006663  | 0.024234607074946526 |  0.03627007527404477  |  0.03495440118929768   |      0.022918932990199432     |
| 40 | 0.1 | 0.8 | 0.1  | 0.125 | 0.9 | 0.05 |   0.1045994174225883  | 0.00026677613938494546 | 0.024234607074946526 |   0.0753847821109827  |  0.08036481034764177   |      0.02921463531160559      |
| 41 | 0.1 | 0.8 | 0.03 |  0.4  | 1.1 | 0.15 |  0.16195232636191367  |   0.0034445498519566   | 0.21734577746231065  |  0.17510912608134033  |  -0.05539345110039698  |     -0.013156799719426654     |
| 42 | 0.1 | 0.8 | 0.03 |  0.4  | 1.1 | 0.05 |  0.13466326017340086  | 0.0020779220739082127  | 0.21734577746231065  |  0.18668244342821294  |  -0.0826825172889098   |     -0.052019183254812085     |
| 43 | 0.1 | 0.8 | 0.03 |  0.4  | 0.9 | 0.15 |  0.20137763741111966  | 0.0035545555517818702  | 0.21734577746231065  |  0.20472296354119035  | -0.015968140051190988  |     -0.003345326130070686     |
| 44 | 0.1 | 0.8 | 0.03 |  0.4  | 0.9 | 0.05 |  0.21727113062371234  |  0.004992342284896458  | 0.21734577746231065  |  0.16802791765114544  | -7.464683859831345e-05 |       0.0492432129725669      |
| 45 | 0.1 | 0.8 | 0.03 | 0.125 | 1.1 | 0.15 |  0.07875390523478551  |  0.001941986350982611  | 0.024234607074946526 |  0.12602437580630282  |  0.05451929815983898   |     -0.047270470571517315     |
| 46 | 0.1 | 0.8 | 0.03 | 0.125 | 1.1 | 0.05 |  0.061269313813427664 | 0.0010277188620644408  | 0.024234607074946526 | -0.005900145744190597 |  0.03703470673848114   |      0.06716945955761826      |
| 47 | 0.1 | 0.8 | 0.03 | 0.125 | 0.9 | 0.15 |  0.07331940789086336  |  0.003021979406841103  | 0.024234607074946526 |   0.0753847821109827  |  0.04908480081591683   |     -0.002065374220119348     |
| 48 | 0.1 | 0.8 | 0.03 | 0.125 | 0.9 | 0.05 |  0.06510076928693986  | 0.0031189917017724095  | 0.024234607074946526 |  0.03627007527404477  |  0.04086616221199334   |      0.02883069401289509      |
| 49 | 0.1 | 0.6 | 0.1  |  0.4  | 1.1 | 0.15 |  0.22791427413426582  |  0.006475824128551026  |  0.2991717251180033  |  0.23593764905969788  |  -0.07125745098373745  |     -0.008023374925432064     |
| 50 | 0.1 | 0.6 | 0.1  |  0.4  | 1.1 | 0.05 |  0.20619067266397922  |  0.012363366286573424  |  0.2991717251180033  |   0.3004651274440231  |  -0.09298105245402405  |      -0.09427445478004387     |
| 51 | 0.1 | 0.6 | 0.1  |  0.4  | 0.9 | 0.15 |  0.28103848676862103  |  0.00809107836362153   |  0.2991717251180033  |   0.2063238115998478  |  -0.01813323834938224  |      0.07471467516877323      |
| 52 | 0.1 | 0.6 | 0.1  |  0.4  | 0.9 | 0.05 |   0.3119662286057704  |  0.009554141232200303  |  0.2991717251180033  |   0.3191196532210906  |  0.012794503487767117  |     -0.007153424615320203     |
| 53 | 0.1 | 0.6 | 0.1  | 0.125 | 1.1 | 0.15 |  0.04879942511809835  | 0.0008323980877274381  | 0.10606055473063915  |  0.10974151343855862  |  -0.0572611296125408   |      -0.06094208832046027     |
| 54 | 0.1 | 0.6 | 0.1  | 0.125 | 1.1 | 0.05 |  0.10331832595762466  | 0.0013777896702702446  | 0.10606055473063915  |   0.1655652392578541  | -0.002742228773014485  |      -0.06224691330022944     |
| 55 | 0.1 | 0.6 | 0.1  | 0.125 | 0.9 | 0.15 |  0.10555871905212874  | 0.0020286148876199187  | 0.10606055473063915  |  0.16038110713387874  | -0.0005018356785104067 |     -0.054822388081749995     |
| 56 | 0.1 | 0.6 | 0.1  | 0.125 | 0.9 | 0.05 |  0.10430327224772848  | 0.0026926915844819777  | 0.10606055473063915  |  0.12339501823961874  | -0.0017572824829106687 |     -0.019091745991890258     |
| 57 | 0.1 | 0.6 | 0.03 |  0.4  | 1.1 | 0.15 |   0.2982810841568122  |  0.003597126800640452  |  0.2991717251180033  |   0.3004651274440231  | -0.0008906409611910693 |     -0.0021840432872108906    |
| 58 | 0.1 | 0.6 | 0.03 |  0.4  | 1.1 | 0.05 |   0.2629192055087125  | 0.0018096863259478232  |  0.2991717251180033  |  0.23593764905969788  |  -0.03625251960929077  |      0.02698155644901462      |
| 59 | 0.1 | 0.6 | 0.03 |  0.4  | 0.9 | 0.15 |  0.32164948114989694  |  0.009058930898299384  |  0.2991717251180033  |   0.3191196532210906  |  0.02247775603189367   |     0.0025298279288063497     |
| 60 | 0.1 | 0.6 | 0.03 |  0.4  | 0.9 | 0.05 |   0.2592765377597784  |  0.008986993482092405  |  0.2991717251180033  |   0.2063238115998478  |  -0.03989518735822489  |      0.052952726159930574     |
| 61 | 0.1 | 0.6 | 0.03 | 0.125 | 1.1 | 0.15 |  0.18365129394168891  | 0.0026614241417502417  | 0.10606055473063915  |   0.1655652392578541  |  0.07759073921104977   |      0.018086054683834812     |
| 62 | 0.1 | 0.6 | 0.03 | 0.125 | 1.1 | 0.05 |  0.13594557228083276  |  0.004507762280279444  | 0.10606055473063915  |  0.10974151343855862  |  0.029885017550193613  |      0.02620405884227414      |
| 63 | 0.1 | 0.6 | 0.03 | 0.125 | 0.9 | 0.15 |  0.11037535786938653  | 0.0058421685836186205  | 0.10606055473063915  |  0.12339501823961874  |  0.004314803138747381  |     -0.013019660370232208     |
| 64 | 0.1 | 0.6 | 0.03 | 0.125 | 0.9 | 0.05 |   0.2040757934586388  |  0.011831523555111354  | 0.10606055473063915  |  0.16038110713387874  |  0.09801523872799965   |      0.04369468632476006      |
+----+-----+-----+------+-------+-----+------+-----------------------+------------------------+----------------------+-----------------------+------------------------+-------------------------------+
дисперсии воспроизводимости  0.034277060732526385
дисперсия адекватности:  0.031210218435010536
Критерий Фишера (ад / вос):  0.910527850639024
q1  48  q2  64
DFE
+----+----+----+----+----+----+----+----+
| #  | x0 | x1 | x2 | x3 | x4 | x5 | x6 |
+----+----+----+----+----+----+----+----+
| 1  | 1  | 1  | 1  | 1  | 1  | 1  | 1  |
| 2  | 1  | 1  | 1  | 1  | -1 | 1  | -1 |
| 3  | 1  | 1  | 1  | -1 | 1  | 1  | -1 |
| 4  | 1  | 1  | 1  | -1 | -1 | 1  | 1  |
| 5  | 1  | 1  | -1 | 1  | 1  | -1 | 1  |
| 6  | 1  | 1  | -1 | 1  | -1 | -1 | -1 |
| 7  | 1  | 1  | -1 | -1 | 1  | -1 | -1 |
| 8  | 1  | 1  | -1 | -1 | -1 | -1 | 1  |
| 9  | 1  | -1 | 1  | 1  | 1  | -1 | 1  |
| 10 | 1  | -1 | 1  | 1  | -1 | -1 | -1 |
| 11 | 1  | -1 | 1  | -1 | 1  | -1 | -1 |
| 12 | 1  | -1 | 1  | -1 | -1 | -1 | 1  |
| 13 | 1  | -1 | -1 | 1  | 1  | 1  | 1  |
| 14 | 1  | -1 | -1 | 1  | -1 | 1  | -1 |
| 15 | 1  | -1 | -1 | -1 | 1  | 1  | -1 |
| 16 | 1  | -1 | -1 | -1 | -1 | 1  | 1  |
+----+----+----+----+----+----+----+----+
Критерий Кохрена:  0.5050898820006294
дисперсии воспроизводимости  0.08405284227336765
среднее квадратическое отклонение коэффициента 0.0324138940643838
+----+-----+-----+------+-------+-----+------+-----------------------+-----------------------+
| #  |  x1 |  x2 |  x3  |   x4  |  x5 |  x6  | y среднее из 5 опытов |      дисперсия y      |
+----+-----+-----+------+-------+-----+------+-----------------------+-----------------------+
| 1  | 0.2 | 0.8 | 0.1  |  0.4  | 1.1 | 0.15 |  0.32601620142041937  | 0.0009044547531129299 |
| 2  | 0.2 | 0.8 | 0.1  | 0.125 | 1.1 | 0.05 |  0.13693762277311888  | 0.0008187226311704657 |
| 3  | 0.2 | 0.8 | 0.03 |  0.4  | 1.1 | 0.05 |   0.3408855208654377  |  0.005871377434590287 |
| 4  | 0.2 | 0.8 | 0.03 | 0.125 | 1.1 | 0.15 |  0.11673841988566425  |  0.003338406887106864 |
| 5  | 0.2 | 0.6 | 0.1  |  0.4  | 0.9 | 0.15 |   0.2278657316453537  |  0.39433084380169287  |
| 6  | 0.2 | 0.6 | 0.1  | 0.125 | 0.9 | 0.05 |  0.23607851971985855  |  0.007159131907280965 |
| 7  | 0.2 | 0.6 | 0.03 |  0.4  | 0.9 | 0.05 |   0.4401532374213972  |   0.6792678429707645  |
| 8  | 0.2 | 0.6 | 0.03 | 0.125 | 0.9 | 0.15 |  0.21808596093008942  |  0.002029546223246468 |
| 9  | 0.1 | 0.8 | 0.1  |  0.4  | 0.9 | 0.15 |  0.21781612198167682  | 0.0013670365353785682 |
| 10 | 0.1 | 0.8 | 0.1  | 0.125 | 0.9 | 0.05 |  0.08896897268954013  | 0.0023238430763285267 |
| 11 | 0.1 | 0.8 | 0.03 |  0.4  | 0.9 | 0.05 |  0.24292945197939014  |  0.001243410749953865 |
| 12 | 0.1 | 0.8 | 0.03 | 0.125 | 0.9 | 0.15 |   0.1267142211961674  | 0.0017732709262065888 |
| 13 | 0.1 | 0.6 | 0.1  |  0.4  | 1.1 | 0.15 |  -0.03852641034669263 |  0.23866284574199917  |
| 14 | 0.1 | 0.6 | 0.1  | 0.125 | 1.1 | 0.05 |  0.09254887591250041  |  0.003555264407503151 |
| 15 | 0.1 | 0.6 | 0.03 |  0.4  | 1.1 | 0.05 |   0.2232522857065759  | 0.0011302005258823182 |
| 16 | 0.1 | 0.6 | 0.03 | 0.125 | 1.1 | 0.15 |   0.0813427744417912  | 0.0010692778016643874 |
+----+-----+-----+------+-------+-----+------+-----------------------+-----------------------+
Критерий Стьюдента:  1.669013024840352 

a 0 * 0.192362969263893 ✓
a 1 * 0.03200355451802268
a 2 * 0.1353803632182285 ✓
a 3 * 0.011404601234523309
a 4 * 0.05808336107581342 ✓
a 5 * 0.18911661347073894 ✓
a 6 * 0.017593479845410084
a 13 * 0.0019289957592582851
a 14 * 0.009698638244797808
a 16 * 0.002953152310298632
a 23 * 0.008115159744517424
a 24 * 0.041221626933823426
a 26 * 0.012538323195845597
a 35 * 0.01119619359860746
a 45 * 0.057201237476793704 ✓
a 56 * 0.017240592649282314
+----+-----+-----+------+-------+-----+------+-----------------------+-----------------------+----------------------+----------------------+----------------------+-------------------------------+
| #  |  x1 |  x2 |  x3  |   x4  |  x5 |  x6  | y среднее из 5 опытов |      дисперсия y      |       линейное       | частично нелинейное  |  разница (линейное)  | разница (частично нелинейное) |
+----+-----+-----+------+-------+-----+------+-----------------------+-----------------------+----------------------+----------------------+----------------------+-------------------------------+
| 1  | 0.2 | 0.8 | 0.1  |  0.4  | 1.1 | 0.15 |  0.32601620142041937  | 0.0009044547531129299 |  0.5749433070286738  |  0.6321445445054676  | -0.24892710560825443 |      -0.30612834308504827     |
| 2  | 0.2 | 0.8 | 0.1  | 0.125 | 1.1 | 0.05 |  0.13693762277311888  | 0.0008187226311704657 | 0.45877658487704703  |  0.4015753474002534  | -0.32183896210392815 |      -0.26463772462713453     |
| 3  | 0.2 | 0.8 | 0.03 |  0.4  | 1.1 | 0.05 |   0.3408855208654377  |  0.005871377434590287 |  0.5749433070286738  |  0.6321445445054676  | -0.23405778616323608 |      -0.2912590236400299      |
| 4  | 0.2 | 0.8 | 0.03 | 0.125 | 1.1 | 0.15 |  0.11673841988566425  |  0.003338406887106864 | 0.45877658487704703  |  0.4015753474002534  | -0.3420381649913828  |      -0.28483692751458917     |
| 5  | 0.2 | 0.6 | 0.1  |  0.4  | 0.9 | 0.15 |   0.2278657316453537  |  0.39433084380169287  |  -0.074050646349261  | -0.13125188382605474 |  0.3019163779946147  |       0.3591176154714084      |
| 6  | 0.2 | 0.6 | 0.1  | 0.125 | 0.9 | 0.05 |  0.23607851971985855  |  0.007159131907280965 | -0.19021736850088783 | -0.1330161310240941  |  0.4262958882207464  |      0.36909465074395265      |
| 7  | 0.2 | 0.6 | 0.03 |  0.4  | 0.9 | 0.05 |   0.4401532374213972  |   0.6792678429707645  |  -0.074050646349261  | -0.13125188382605474 |  0.5142038837706582  |       0.571405121247452       |
| 8  | 0.2 | 0.6 | 0.03 | 0.125 | 0.9 | 0.15 |  0.21808596093008942  |  0.002029546223246468 | -0.19021736850088783 | -0.1330161310240941  | 0.40830332943097725  |       0.3511020919541835      |
| 9  | 0.1 | 0.8 | 0.1  |  0.4  | 0.9 | 0.15 |  0.21781612198167682  | 0.0013670365353785682 | 0.19671008008719598  | 0.13950884261040225  | 0.021106041894480843 |      0.07830727937127457      |
| 10 | 0.1 | 0.8 | 0.1  | 0.125 | 0.9 | 0.05 |  0.08896897268954013  | 0.0023238430763285267 | 0.08054335793556916  |  0.1377445954123629  | 0.008425614753970967 |     -0.048775622722822765     |
| 11 | 0.1 | 0.8 | 0.03 |  0.4  | 0.9 | 0.05 |  0.24292945197939014  |  0.001243410749953865 | 0.19671008008719598  | 0.13950884261040225  | 0.04621937189219416  |      0.10342060936898789      |
| 12 | 0.1 | 0.8 | 0.03 | 0.125 | 0.9 | 0.15 |   0.1267142211961674  | 0.0017732709262065888 | 0.08054335793556916  |  0.1377445954123629  | 0.046170863260598244 |     -0.011030374216195488     |
| 13 | 0.1 | 0.6 | 0.1  |  0.4  | 1.1 | 0.15 |  -0.03852641034669263 |  0.23866284574199917  | 0.30418258059221687  |  0.3613838180690105  | -0.3427089909389095  |      -0.3999102284157031      |
| 14 | 0.1 | 0.6 | 0.1  | 0.125 | 1.1 | 0.05 |  0.09254887591250041  |  0.003555264407503151 | 0.18801585844059004  |  0.1308146209637963  | -0.09546698252808963 |      -0.0382657450512959      |
| 15 | 0.1 | 0.6 | 0.03 |  0.4  | 1.1 | 0.05 |   0.2232522857065759  | 0.0011302005258823182 | 0.30418258059221687  |  0.3613838180690105  | -0.08093029488564096 |      -0.13813153236243458     |
| 16 | 0.1 | 0.6 | 0.03 | 0.125 | 1.1 | 0.15 |   0.0813427744417912  | 0.0010692778016643874 | 0.18801585844059004  |  0.1308146209637963  | -0.10667308399879885 |      -0.04947184652200512     |
+----+-----+-----+------+-------+-----+------+-----------------------+-----------------------+----------------------+----------------------+----------------------+-------------------------------+
дисперсии воспроизводимости  0.08405284227336765
дисперсия адекватности:  0.5667878278248467
Критерий Фишера (ад / вос):  6.743232144148858
q1  16  q2  11
Ввести координаты из факторного пространства (ДA/нет)? 